              precision    recall  f1-score   support

           0    0.51020   0.56391   0.53571       133
           1    0.57664   0.59398   0.58519       133
           2    0.75200   0.70149   0.72587       134
           3    0.56897   0.49624   0.53012       133
           4    0.87143   0.91729   0.89377       133
           5    0.48905   0.50000   0.49446       134
           6    0.64463   0.58647   0.61417       133
           7    0.88112   0.94737   0.91304       133

    accuracy                        0.66323      1066
   macro avg    0.66175   0.66334   0.66154      1066
weighted avg    0.66168   0.66323   0.66145      1066

AUC: 0.9195009833663126