              precision    recall  f1-score   support

           0    0.71902   0.79347   0.75441      1777
           1    0.24324   0.06767   0.10588       133
           2    0.47368   0.21260   0.29348       254
           3    0.93506   0.85039   0.89072       254
           4    0.70633   0.72860   0.71729       888
           5    0.71970   0.37402   0.49223       254
           6    0.61792   0.68574   0.65007      1066
           7    0.31385   0.27815   0.29493       888
           8    0.37288   0.16541   0.22917       133
           9    0.54386   0.23308   0.32632       133
          10    0.64062   0.64567   0.64314       254
          11    0.49288   0.57089   0.52902      1333
          12    0.49023   0.56489   0.52492      1333
          13    0.45565   0.44488   0.45020       254
          14    0.71605   0.76173   0.73818      1066
          15    0.42076   0.39235   0.40606      1333
          16    0.44762   0.35338   0.39496       133
          17    0.47210   0.43307   0.45175       254
          18    0.45928   0.39718   0.42598       355
          19    0.56345   0.62535   0.59279       355
          20    0.70380   0.78310   0.74133       355
          21    0.65563   0.55722   0.60243       533
          22    0.66893   0.73921   0.70232       533
          23    0.51608   0.55364   0.53420      1333
          24    0.64557   0.38346   0.48113       133
          25    0.80078   0.80709   0.80392       254
          26    0.85714   0.80315   0.82927       254
          27    0.88259   0.85827   0.87026       254
          28    0.62909   0.74733   0.68313      1777
          29    0.42342   0.18504   0.25753       254
          30    0.43590   0.38202   0.40719        89
          31    0.56944   0.46067   0.50932        89
          32    0.87356   0.85393   0.86364        89
          33    0.64789   0.51685   0.57500        89
          34    0.42308   0.37079   0.39521        89
          35    0.64557   0.57303   0.60714        89
          36    0.84524   0.79775   0.82081        89
          37    0.57500   0.51685   0.54438        89
          38    0.30189   0.17978   0.22535        89
          39    0.71212   0.52809   0.60645        89
          40    0.66667   0.40449   0.50350        89
          41    0.26087   0.13483   0.17778        89
          42    0.75133   0.79362   0.77190       533
          43    0.48020   0.36398   0.41409       533
          44    0.31034   0.13534   0.18848       133
          45    0.46753   0.27068   0.34286       133
          46    0.34479   0.31644   0.33001       888
          47    0.20339   0.07895   0.11374       152
          48    0.28333   0.11184   0.16038       152
          49    0.63830   0.59211   0.61433       152
          50    0.34286   0.15789   0.21622       152
          51    0.66667   0.53947   0.59636       152
          52    0.29787   0.18421   0.22764       152
          53    0.59783   0.41353   0.48889       133
          54    0.35802   0.11417   0.17313       254
          55    0.62821   0.57874   0.60246       254
          56    0.62673   0.71418   0.66760      1333
          57    0.41386   0.49775   0.45194       888
          58    0.70716   0.73423   0.72044       888
          59    0.72103   0.66142   0.68994       254
          60    0.43914   0.51782   0.47525      1066
          61    0.64658   0.44707   0.52863       888
          62    0.61867   0.78378   0.69151       888
          63    0.65254   0.60630   0.62857       254
          64    0.28538   0.27232   0.27869      1333
          65    0.63339   0.77119   0.69553      1333
          66    0.48780   0.37736   0.42553       106
          67    0.43373   0.33962   0.38095       106
          68    0.78351   0.71698   0.74877       106
          69    0.44444   0.41509   0.42927       106
          70    0.56731   0.55660   0.56190       106
          71    0.65741   0.66355   0.66047       107
          72    0.69565   0.75472   0.72398       106
          73    0.44444   0.33645   0.38298       107
          74    0.36275   0.34579   0.35407       107
          75    0.26190   0.20561   0.23037       107
          76    0.85608   0.90377   0.87928      1777
          77    0.31362   0.31644   0.31502       888
          78    0.29730   0.07237   0.11640       152
          79    0.51908   0.61215   0.56179      1333

    accuracy                        0.57443     37310
   macro avg    0.54731   0.48736   0.50615     37310
weighted avg    0.56440   0.57443   0.56355     37310

AUC: 0.9783657609251719