              precision    recall  f1-score   support

           0    0.36000   0.29605   0.32491       152
           1    0.43046   0.42763   0.42904       152
           2    0.78289   0.77778   0.78033       153
           3    0.56494   0.57237   0.56863       152
           4    0.96078   0.96711   0.96393       152
           5    0.46584   0.49020   0.47771       153
           6    0.60000   0.67105   0.63354       152

    accuracy                        0.60038      1066
   macro avg    0.59499   0.60031   0.59687      1066
weighted avg    0.59504   0.60038   0.59693      1066

AUC: 0.9215747035663012