              precision    recall  f1-score   support

           0    0.90228   0.89212   0.89717      1066
           1    0.91560   0.93621   0.92579      1066
           2    0.89116   0.89869   0.89491      1066
           3    0.90944   0.88555   0.89734      1066
           4    0.92637   0.93246   0.92941      1066

    accuracy                        0.90901      5330
   macro avg    0.90897   0.90901   0.90892      5330
weighted avg    0.90897   0.90901   0.90892      5330

AUC: 0.9861004385949472