              precision    recall  f1-score   support

           0    0.67021   0.59434   0.63000       106
           1    0.46465   0.42991   0.44660       107
           2    0.84874   0.94393   0.89381       107
           3    0.53906   0.65094   0.58974       106
           4    0.66667   0.74766   0.70485       107
           5    0.75000   0.86916   0.80519       107
           6    0.88182   0.90654   0.89401       107
           7    0.66316   0.59434   0.62687       106
           8    0.56044   0.47664   0.51515       107
           9    0.33721   0.27358   0.30208       106

    accuracy                        0.64916      1066
   macro avg    0.63820   0.64870   0.64083      1066
weighted avg    0.63852   0.64916   0.64122      1066

AUC: 0.9201501040871982