              precision    recall  f1-score   support

           0    0.80660   0.84897   0.82724      1066
           1    0.91530   0.89212   0.90356      1066
           2    0.95833   0.92777   0.94280      1066
           3    0.93931   0.94371   0.94151      1066
           4    0.82817   0.82817   0.82817      1065

    accuracy                        0.88816      5329
   macro avg    0.88954   0.88815   0.88866      5329
weighted avg    0.88955   0.88816   0.88867      5329

AUC: 0.9855507246878096