              precision    recall  f1-score   support

           0    0.38378   0.80656   0.52008      1220
           1    0.78495   0.13640   0.23241     18732
           2    0.76954   0.27897   0.40949      2753
           3    0.71902   0.93271   0.81204       535
           4    0.34476   0.79184   0.48038       711
           5    0.62353   0.41732   0.50000       635
           6    0.06868   0.73214   0.12557       784
           7    0.31530   0.27901   0.29605      2068
           8    0.34800   0.29509   0.31937      1447
           9    0.30266   0.31092   0.30674       476
          10    0.92794   0.68763   0.78991      3371
          11    0.08458   0.63169   0.14918      1982
          12    0.11406   0.61597   0.19248       789
          13    0.49779   0.51199   0.50479      1543
          14    0.18690   0.80000   0.30301       920
          15    0.12006   0.45083   0.18963       661
          16    0.34141   0.37850   0.35900      1712
          17    0.43621   0.47182   0.45331      1384
          18    0.83793   0.53394   0.65225     26784
          19    0.12639   0.66273   0.21229      1355
          20    0.09803   0.80714   0.17483       840
          21    0.24868   0.65800   0.36094       500
          22    0.59272   0.79261   0.67824      1109
          23    0.04689   0.61441   0.08712       555
          24    0.37274   0.49682   0.42593       787
          25    0.31336   0.80622   0.45131      2121
          26    0.71801   0.88782   0.79394      6017
          27    0.71617   0.91561   0.80370       948
          28    0.06672   0.74233   0.12243       489
          29    0.66740   0.19527   0.30214     13945
          30    0.48046   0.41087   0.44295      2244
          31    0.44361   0.42150   0.43227      6019
          32    0.64152   0.85885   0.73445       921
          33    0.71915   0.69074   0.70466       734
          34    0.60523   0.40082   0.48226      7849
          35    0.90614   0.76962   0.83232      3989
          36    0.86748   0.84432   0.85574      1760
          37    0.48024   0.68804   0.56566      2526
          38    0.35701   0.35573   0.35637      2783
          39    0.56702   0.52751   0.54655      3344
          40    0.55545   0.56767   0.56149      2091
          41    0.73576   0.17611   0.28420     17756
          42    0.72464   0.81883   0.76886       977
          43    0.30072   0.39130   0.34008       644
          44    0.54757   0.10791   0.18029     10027
          45    0.17637   0.36685   0.23821       537
          46    0.10230   0.34073   0.15736       496
          47    0.47203   0.12388   0.19625     10559
          48    0.60840   0.14904   0.23943      4274
          49    0.37608   0.61463   0.46663       711
          50    0.34778   0.25206   0.29228      1337
          51    0.65227   0.60294   0.62664       476
          52    0.34952   0.18734   0.24393      6224
          53    0.33252   0.57442   0.42121       477
          54    0.43911   0.17252   0.24772      8109
          55    0.53676   0.69085   0.60414       951
          56    0.08024   0.76711   0.14528       906
          57    0.15681   0.53961   0.24301       467
          58    0.85820   0.78132   0.81796      3416
          59    0.33059   0.73626   0.45630       546
          60    0.10794   0.58225   0.18212      1532
          61    0.24230   0.60207   0.34554      1254
          62    0.86085   0.67664   0.75771      6281
          63    0.76174   0.64054   0.69590      1697
          64    0.07490   0.30911   0.12059       757
          65    0.29124   0.81282   0.42883       593
          66    0.42373   0.52141   0.46752       911
          67    0.73462   0.39603   0.51462     19837
          68    0.72736   0.82313   0.77229      1747
          69    0.45595   0.49715   0.47566      6849
          70    0.82750   0.67613   0.74420     10600
          71    0.55364   0.79981   0.65434      2123
          72    0.69803   0.85525   0.76868      3392
          73    0.18260   0.45631   0.26082       515
          74    0.17397   0.39513   0.24158      1888
          75    0.27214   0.20316   0.23264      8048
          76    0.21439   0.93590   0.34886       468
          77    0.58316   0.37380   0.45558      3649
          78    0.32102   0.17220   0.22416      3130
          79    0.11306   0.67496   0.19367      1206

    accuracy                        0.41929    276800
   macro avg    0.44432   0.54969   0.42973    276800
weighted avg    0.60342   0.41929   0.44061    276800

