              precision    recall  f1-score   support

           0    0.92641   0.84252   0.88247       254
           1    0.95510   0.92126   0.93788       254
           2    0.88043   0.95669   0.91698       254
           3    0.70076   0.73123   0.71567       253
           4    0.97647   0.98031   0.97839       254
           5    0.74800   0.73622   0.74206       254
           6    0.99219   1.00000   0.99608       254

    accuracy                        0.88126      1777
   macro avg    0.88277   0.88118   0.88136      1777
weighted avg    0.88287   0.88126   0.88145      1777

AUC: 0.9852833915174387