              precision    recall  f1-score   support

           0    0.77469   0.75230   0.76333      5329
           1    0.80761   0.84838   0.82749      5329
           2    0.83131   0.86266   0.84670      5330
           3    0.91802   0.82586   0.86951      5329
           4    0.84831   0.88745   0.86744      5331
           5    0.79663   0.78991   0.79326      5331
           6    0.80071   0.80341   0.80206      5331

    accuracy                        0.82428     37310
   macro avg    0.82533   0.82428   0.82425     37310
weighted avg    0.82532   0.82428   0.82425     37310

AUC: 0.9757346959318103