              precision    recall  f1-score   support

           0    0.77152   0.80191   0.78642      1777
           1    0.20833   0.11278   0.14634       133
           2    0.51163   0.25984   0.34465       254
           3    0.90984   0.87402   0.89157       254
           4    0.74728   0.77252   0.75969       888
           5    0.65772   0.38583   0.48635       254
           6    0.69305   0.73921   0.71539      1066
           7    0.30816   0.28491   0.29608       888
           8    0.52439   0.32331   0.40000       133
           9    0.55072   0.28571   0.37624       133
          10    0.67480   0.65354   0.66400       254
          11    0.56204   0.63541   0.59648      1333
          12    0.53606   0.57989   0.55712      1333
          13    0.53909   0.51575   0.52716       254
          14    0.76965   0.78987   0.77963      1066
          15    0.45536   0.42086   0.43743      1333
          16    0.50943   0.40602   0.45188       133
          17    0.52273   0.54331   0.53282       254
          18    0.54938   0.50141   0.52430       355
          19    0.62019   0.72676   0.66926       355
          20    0.72423   0.79155   0.75639       355
          21    0.72165   0.65666   0.68762       533
          22    0.76079   0.79362   0.77686       533
          23    0.59543   0.60615   0.60074      1333
          24    0.66304   0.45865   0.54222       133
          25    0.75958   0.85827   0.80591       254
          26    0.85551   0.88583   0.87041       254
          27    0.92562   0.88189   0.90323       254
          28    0.66552   0.76140   0.71024      1777
          29    0.48113   0.20079   0.28333       254
          30    0.51471   0.39326   0.44586        89
          31    0.48454   0.52809   0.50538        89
          32    0.88506   0.86517   0.87500        89
          33    0.77108   0.71910   0.74419        89
          34    0.44737   0.38202   0.41212        89
          35    0.82500   0.74157   0.78107        89
          36    0.81111   0.82022   0.81564        89
          37    0.59804   0.68539   0.63874        89
          38    0.53333   0.35955   0.42953        89
          39    0.73418   0.65169   0.69048        89
          40    0.71429   0.50562   0.59211        89
          41    0.27027   0.11236   0.15873        89
          42    0.78836   0.83865   0.81273       533
          43    0.52371   0.45591   0.48746       533
          44    0.24138   0.10526   0.14660       133
          45    0.56667   0.38346   0.45740       133
          46    0.38143   0.34234   0.36083       888
          47    0.25641   0.13158   0.17391       152
          48    0.32468   0.16447   0.21834       152
          49    0.70833   0.67105   0.68919       152
          50    0.40816   0.26316   0.32000       152
          51    0.69403   0.61184   0.65035       152
          52    0.27059   0.15132   0.19409       152
          53    0.68966   0.60150   0.64257       133
          54    0.38739   0.16929   0.23562       254
          55    0.71861   0.65354   0.68454       254
          56    0.70267   0.79070   0.74409      1333
          57    0.45938   0.53491   0.49428       888
          58    0.75642   0.76239   0.75939       888
          59    0.69549   0.72835   0.71154       254
          60    0.50534   0.57692   0.53876      1066
          61    0.63743   0.61374   0.62536       888
          62    0.66890   0.67342   0.67116       888
          63    0.67063   0.66535   0.66798       254
          64    0.28349   0.27307   0.27818      1333
          65    0.66688   0.78545   0.72132      1333
          66    0.50476   0.50000   0.50237       106
          67    0.46667   0.46226   0.46445       106
          68    0.80952   0.80189   0.80569       106
          69    0.47273   0.49057   0.48148       106
          70    0.59375   0.71698   0.64957       106
          71    0.80769   0.78505   0.79621       107
          72    0.81416   0.86792   0.84018       106
          73    0.55682   0.45794   0.50256       107
          74    0.47312   0.41121   0.44000       107
          75    0.31343   0.19626   0.24138       107
          76    0.89536   0.93416   0.91435      1777
          77    0.33941   0.37725   0.35733       888
          78    0.43590   0.22368   0.29565       152
          79    0.60216   0.66992   0.63423      1333

    accuracy                        0.61873     37310
   macro avg    0.59318   0.55143   0.56475     37310
weighted avg    0.60968   0.61873   0.61063     37310

AUC: 0.9830368216175529