              precision    recall  f1-score   support

           0    0.51765   0.51969   0.51866       254
           1    0.52227   0.50787   0.51497       254
           2    0.95294   0.95669   0.95481       254
           3    0.93156   0.96457   0.94778       254
           4    0.98819   0.98819   0.98819       254
           5    0.90650   0.87795   0.89200       254
           6    0.98054   0.99605   0.98824       253

    accuracy                        0.83005      1777
   macro avg    0.82852   0.83014   0.82924      1777
weighted avg    0.82844   0.83005   0.82915      1777

AUC: 0.9707771913834361