              precision    recall  f1-score   support

           0    0.58696   0.61364   0.60000        88
           1    0.53922   0.61798   0.57592        89
           2    0.92308   0.94382   0.93333        89
           3    0.97647   0.93258   0.95402        89
           4    0.55652   0.71910   0.62745        89
           5    0.89130   0.92135   0.90608        89
           6    0.92473   0.96629   0.94505        89
           7    0.81053   0.86517   0.83696        89
           8    0.56164   0.46591   0.50932        88
           9    0.77528   0.77528   0.77528        89
          10    0.77500   0.69663   0.73373        89
          11    0.57627   0.38202   0.45946        89

    accuracy                        0.74203      1066
   macro avg    0.74142   0.74165   0.73805      1066
weighted avg    0.74173   0.74203   0.73839      1066

AUC: 0.9598466351693057