              precision    recall  f1-score   support

           0    0.82755   0.85827   0.84263       889
           1    0.38750   0.34871   0.36708       889
           2    0.39071   0.32171   0.35287       889
           3    0.65246   0.77590   0.70885       888
           4    0.79623   0.80968   0.80290       888
           5    0.39760   0.41104   0.40421       888

    accuracy                        0.58751      5331
   macro avg    0.57534   0.58755   0.57976      5331
weighted avg    0.57532   0.58751   0.57972      5331

AUC: 0.8665833573276919